0.76845,-0.0086985,-0.026206,-0.011788,-0.011138,-0.0054658,0.0057974,0.0070338,0.033827,-0.0071728,-0.0015802,0.0039202,0.0042337,-0.0011447,-0.0071729,0.00094801,0.033096,0.0068174,0.021662,-0.012157,0.0051929,-0.010702,0.00065554,0.014323,0.010752,-0.019108,-0.012107,-0.0078561,0.029115,0.025204,0.031848,0.0080795,-0.0079337,-0.0074898,0.0016418,0.026799,0.031302,0.016011,0.027465,0.0090086,-0.013576,-0.0088683,0.015418,-0.015218,0.0096383,0.022035,0.013953,0.02899,0.013829,-0.024766,-0.038666,0.011071,0.0028465,-0.023856,-0.011803,-0.023129,0.027742,-0.031978,0.010496,-0.011057,-0.011173,-0.012807,0.010228,0.0083117,0.0046671,0.0023062,-0.01414,0.034066,-0.023529,-0.0097839,-0.004408,0.007582,0.0062854,-0.012451,0.022875,1.1253e-05,0.0011021,0.0095016,0.012511,0.0056388,0.016601,0.00083475,0.0070382,-0.015131,-5.2008e-06,0.013654,0.0077443,-0.0019206,-0.0038318,0.0061987,-0.0062407,-0.016607,-0.041418,0.013819,0.020714,0.020223,-0.0062159,-0.00069166,0.0048923,0.015343
-0.0086985,0.79715,-0.0011445,-0.0025112,-0.0089404,0.0018301,0.010019,0.014318,0.016095,0.017185,-0.020552,-0.00082566,0.00029689,0.016299,0.024005,-0.00027053,-0.00073412,0.022023,-0.025038,0.0064999,-0.0029612,0.0035722,0.0067745,-0.0041492,-0.011622,0.019342,0.01962,0.024678,-0.003203,0.030632,0.0143,-0.0034346,-0.016938,-0.0017964,-0.025701,0.0011582,-0.01028,-0.018111,0.0092314,-0.0080421,-0.0067026,-0.014752,-0.0023276,-0.0045729,0.01214,0.016947,0.00508,0.013491,0.018374,-0.022399,0.00034104,-0.00011616,0.0080052,-0.013646,-0.00081571,0.00023286,0.0094593,0.022192,-0.00027641,0.00018217,-0.0071786,0.012558,-0.0019565,-0.0093,-0.015897,0.0032551,-0.011468,0.0056999,-0.018172,-0.0066939,0.027136,-0.0003883,0.016539,0.001306,0.0031834,0.014253,-0.027275,0.017882,-0.014763,0.003859,-0.0085947,-0.0060087,0.038856,-0.025023,0.0020362,0.021836,0.0068533,-0.0071177,-0.0067066,0.027195,-0.0065016,0.016216,0.021083,0.027001,0.0080447,-0.027474,-0.025065,0.016696,0.0054083,0.008352
-0.026206,-0.0011445,0.75832,0.013829,-0.016629,0.035023,-0.013061,-0.011557,0.028933,0.030746,0.0087964,-0.011711,0.016042,0.0028189,-0.0087174,0.011502,-0.007881,0.010011,0.015541,0.0056114,0.019132,0.019624,-0.014101,-0.028721,0.0050196,0.0052461,0.014258,-0.0092715,0.00017928,0.0014092,0.016496,-0.0031512,-0.011984,0.014643,0.002979,0.0045794,0.031117,0.016931,-0.012574,-0.010889,-0.037639,-0.037376,-0.0088301,0.0065962,0.020552,-0.00073767,-0.0023867,0.0128,-0.005904,0.021225,0.0040695,-0.0068505,0.0017889,-0.000241,0.027487,-0.024634,0.020211,-0.0027435,-0.00024504,-0.008051,-0.024986,0.024693,-0.0060826,0.043924,0.039635,-0.016047,0.037137,0.0018439,-0.034683,0.013649,0.0031621,0.015228,-0.020273,-0.0085371,-0.010809,0.020039,0.0090142,-0.0062635,0.0043233,0.017504,-0.021533,0.021533,0.012771,0.0092914,-0.030432,-0.0026613,-0.015741,-0.00055299,-0.013589,0.015373,-0.013731,-0.0056937,0.025229,0.013365,0.0059196,0.0042041,0.0072771,-0.0026598,0.0067917,0.0080938
-0.011788,-0.0025112,0.013829,0.77611,-0.007955,0.0042794,0.02807,-0.027517,-0.011365,-0.018749,0.046621,0.0060686,0.0031505,0.027562,-0.0074893,-0.034715,0.01187,0.017197,0.029429,0.0085856,-0.0050511,0.015944,0.0040035,-0.0142,0.0086398,0.014012,-0.013333,0.013187,-0.011329,-0.011597,-0.0052408,0.0035034,0.008371,-0.024885,0.0060868,0.037768,0.012412,-0.038127,0.011146,-0.00072293,0.0038334,0.028557,0.011138,0.02757,0.027973,0.0022954,0.0057959,0.0050034,0.016294,0.01172,-0.004865,-0.0041799,0.0057622,-0.0099177,-0.013386,0.0084838,0.0007914,-0.0029867,0.0062958,0.013358,0.0038655,-0.015197,0.011622,-0.008521,-0.01395,-0.016363,-0.012681,-0.0035792,0.010527,0.014559,-0.021481,0.018687,-0.020925,-0.0080467,-0.012042,0.022314,0.017775,0.0019634,-0.003838,0.016145,0.012449,-0.006494,0.029438,0.018568,0.0084186,0.014201,0.02411,-0.023482,0.0063092,0.0037039,-0.021938,0.004598,-0.00056227,-0.0013248,-0.019816,0.022242,-0.011705,-0.034186,-0.0029073,-0.0037625
-0.011138,-0.0089404,-0.016629,-0.007955,0.79675,-0.0026003,0.01661,0.021586,-0.017503,0.016396,0.022722,0.024063,0.017383,-0.0099601,0.0041741,0.01745,-0.0072899,0.02023,-0.0032957,0.0052233,-0.021243,-0.013568,0.010975,0.0029475,-0.010494,0.019066,0.021297,-0.013964,0.017179,0.0059047,0.00052686,0.0030634,0.013604,0.012198,-0.0052246,-0.0023659,-0.018213,0.0063526,-0.0058466,0.0027207,-0.020552,-0.0091395,0.00039504,0.0043785,-0.00057175,-0.010194,0.020571,0.00090256,0.037142,0.015174,0.0078084,0.0098446,0.019407,0.0054368,-0.0070181,-0.013956,0.030176,0.015746,0.026328,-0.0029215,-0.017409,0.021097,-0.0011486,0.021756,-6.4582e-05,-0.0098994,-0.024556,0.018176,0.02221,0.0079925,-0.011207,0.018076,-0.014231,-0.0073757,-0.0034251,0.028214,0.027453,-0.007408,-0.028806,-0.029498,-0.0031049,-0.0090898,0.0030812,-0.0084248,0.010074,0.0035018,0.0066059,0.017493,0.0075501,-0.016968,-0.00026053,-0.013324,0.0097961,0.0030946,-0.020326,-0.021928,0.015861,0.0019467,0.00083736,-0.0084682
-0.0054658,0.0018301,0.035023,0.0042794,-0.0026003,0.78519,0.0091927,0.020332,-0.0089355,-0.010286,-0.0069205,0.0077398,0.013807,0.00069274,0.0048186,0.011731,0.022397,-0.0051937,-0.026195,-0.023195,-0.0055844,-0.00087442,-0.0038855,0.013397,0.0094222,0.0096963,-0.0049527,-0.0051075,0.013323,3.6803e-06,0.013364,-0.0086453,-0.014736,-0.0029641,-0.01265,0.021917,0.0060512,-0.00077075,0.0023618,-0.007669,0.0021079,-0.0011083,0.0035155,-0.0087191,0.0084129,0.014229,-0.018842,0.02525,-0.012886,0.01227,0.0071085,0.0033979,-0.018577,0.0045288,-0.0061776,0.01182,0.013657,0.00087545,0.0014552,0.020917,-0.0018368,-0.022157,-0.016644,-0.019828,-0.014663,-0.0040214,-0.016797,-0.0057178,-0.0023515,0.015192,-0.015069,-0.027692,-0.0124,-0.0096369,-0.023698,0.0067221,-0.016224,0.02241,0.036697,-0.0076303,0.01908,0.028295,-0.0017094,0.0025164,0.012248,0.0058712,0.0060962,0.021884,0.0364,-0.0067741,-0.0073494,0.010115,-0.0023644,-5.6865e-05,-0.001847,0.031286,0.022725,0.025687,0.034794,0.0017519
0.0057974,0.010019,-0.013061,0.02807,0.01661,0.0091927,0.81129,-0.016052,0.012034,0.016131,-0.0011929,-0.0020047,0.032246,-0.017531,-0.020304,0.00643,0.020919,-0.0075333,-0.0033364,0.015356,0.036543,0.036998,-0.014996,0.017223,0.0090159,-0.015879,0.009159,-0.01041,0.0050868,0.0047773,0.022862,-0.015989,-0.024194,-0.017633,-0.014204,-0.029034,0.018057,-0.0035184,0.0042449,-0.0086661,0.028029,0.005757,-0.0087086,0.012833,-0.022577,-0.012788,-0.0019089,-0.0052113,0.025221,-0.0019102,-0.0084647,0.0080541,-0.0072434,0.028789,0.0043561,-0.0019958,-0.0052135,0.009397,-0.012236,0.0074968,-0.0054267,0.0038243,0.0022556,-0.0039458,0.015862,0.0072975,0.0073671,-0.023902,-0.0078553,0.0031968,0.016498,0.014945,-0.0068954,0.027185,-0.014355,0.0083383,-0.021898,0.0036112,-0.007416,0.01519,-0.030832,0.0086528,-0.0068819,-0.0050025,0.0029155,-0.0041272,0.0099692,-0.0033657,0.015004,-0.019972,0.020594,0.010001,0.0088126,-0.0038165,0.022247,0.011678,-0.023841,-4.7275e-05,0.01008,-0.019472
0.0070338,0.014318,-0.011557,-0.027517,0.021586,0.020332,-0.016052,0.76898,-0.01362,-0.0051584,0.022732,-0.00073924,-0.013955,0.034407,0.013299,-0.010345,0.0047925,0.052414,0.01781,0.00037798,-0.012238,0.039714,0.017693,-0.010272,-0.016354,0.01257,-0.027916,0.0098956,0.013985,-0.0014982,0.0070606,-0.010458,0.0061888,0.015925,0.019672,-0.01011,-0.00035746,0.00082504,-0.006446,0.0020896,-0.013105,-0.0056951,-0.00070015,0.014332,-0.010863,0.0095654,-0.013702,0.0004179,0.033656,-0.015849,-0.0098506,0.0067465,0.0023824,-0.0088093,-0.012317,0.0011186,0.018241,-0.0018245,-0.0046274,0.026836,-0.027511,-0.015811,0.0087054,-0.027078,0.015118,0.013897,0.012343,-0.012158,-0.0019509,0.0058572,-0.015179,0.0071693,0.012609,0.011005,-0.0033306,0.011401,0.02258,0.025702,-0.0099512,0.033566,0.0021376,-0.018732,0.007094,-0.021978,0.00021924,0.020462,0.0045305,0.0082897,-0.012936,-0.011594,-0.0026436,-0.010033,-0.011559,-0.012948,0.020682,-0.0018125,0.015985,0.010032,0.0070093,-0.011868
0.033827,0.016095,0.028933,-0.011365,-0.017503,-0.0089355,0.012034,-0.01362,0.79103,0.019684,0.035354,0.00094018,-0.014287,0.016562,-0.013149,0.0020706,-0.015865,-0.029403,-0.035965,0.0037746,-0.017657,0.0040922,-0.019065,0.011835,0.0061175,0.0042169,0.016261,-0.0064669,0.010396,0.012658,-0.021887,-0.0030517,-0.0052777,0.0054854,0.00051797,0.0025194,-0.027751,-0.016915,0.0024293,-0.014216,0.011331,-0.00018384,-0.040877,0.027519,0.01313,-0.002384,0.013991,-0.0025595,-0.0063984,0.00619,0.029072,-0.0038266,0.013543,-0.0018243,0.003745,0.020303,-0.0023542,0.015251,0.0021713,0.015242,-0.0037511,0.006589,0.0016291,0.010218,0.0075975,0.0062442,-0.019665,-0.0025225,0.031498,0.0093107,-0.015828,0.000312,-0.0080458,-0.0072375,0.0024264,0.0144,0.0085591,0.024625,0.0063348,-0.010996,0.013129,-5.2061e-05,-0.0053097,-0.010663,0.0055203,0.022211,0.010541,0.024596,-0.0098369,0.02258,0.0038956,-0.0041751,0.018131,-0.016944,0.0022975,-0.0020334,0.026546,-0.00077193,-0.0023835,0.0052508
-0.0071728,0.017185,0.030746,-0.018749,0.016396,-0.010286,0.016131,-0.0051584,0.019684,0.80019,-0.027776,-0.029211,-0.0097813,0.0041401,-0.0035027,0.034816,0.0054723,-0.0042725,0.0090764,-0.0094253,0.0032198,0.011611,0.01475,0.013325,0.031032,-0.0041466,-0.0071602,-0.014428,-0.015388,-0.03238,-0.00086435,0.0090617,0.024912,0.0038282,0.0044808,0.00042147,0.022662,-0.004275,-0.0081597,0.0063116,0.0027274,-0.0028618,-0.009195,-0.0045208,0.0024561,0.0014355,-0.012566,-0.020669,0.0071875,0.013591,0.0040187,-0.0099391,0.017575,0.002417,0.0020151,0.022564,0.021811,-0.016779,-0.00018381,-0.016461,0.010973,-0.014001,0.012464,0.0022142,-0.0088659,0.0093862,0.024443,0.0045139,0.0082094,0.0043221,-0.00086906,-0.01081,0.019612,0.012298,-0.0019028,-0.016606,0.029488,-0.008694,0.0011679,0.0038197,0.0093232,0.0089138,0.0033871,0.0012899,0.0011247,-0.0048227,0.030177,0.018523,0.013503,-0.014826,-0.0030649,-0.027897,-0.01021,0.00401,0.0085021,-0.0020107,-0.016324,-0.0057691,0.017945,-0.017345
-0.0015802,-0.020552,0.0087964,0.046621,0.022722,-0.0069205,-0.0011929,0.022732,0.035354,-0.027776,0.77092,-0.011986,0.011097,-0.0097536,0.01617,0.010273,0.0049738,-0.00032397,-0.012818,0.0096711,0.021713,-0.028753,-0.015343,-0.0074082,0.0052526,0.0099453,0.0072614,0.0097822,0.0035835,-0.021329,-0.00071474,-0.0075989,-0.0012856,0.010573,-0.0039543,-0.00056737,0.0039121,0.0152,0.0047818,-0.027502,0.0031172,0.013683,0.019661,0.01641,-0.027385,0.0074166,-0.001364,0.013473,-0.0041409,0.00073198,0.0099992,-0.0054466,0.01391,0.0052535,0.012725,0.0056424,0.014317,0.0072781,-0.0043168,0.023823,0.0060193,0.0021845,-0.034497,-0.019034,-0.0071499,0.022792,-0.0071372,0.016471,0.014062,-0.0085274,0.020072,-0.0056489,0.0093834,0.00056384,0.0038928,-0.025649,-0.0061207,0.0042892,0.022904,4.6515e-05,-0.01675,-0.0062677,0.012644,-0.0063735,0.0071924,0.013031,-9.2657e-05,-0.0097052,-0.01101,0.0098423,-0.0038324,-0.0070629,-0.0050767,0.0028539,0.003442,0.025107,-0.017624,0.019479,0.020888,-0.0099665
0.0039202,-0.00082566,-0.011711,0.0060686,0.024063,0.0077398,-0.0020047,-0.00073924,0.00094018,-0.029211,-0.011986,0.79968,-0.0048607,0.014439,-0.016395,0.035664,0.00085001,-0.012177,-0.028126,-0.00025142,-0.0078691,0.013656,0.029201,0.017548,0.025294,-0.0081681,0.014125,-0.0071644,0.013347,0.022737,-3.1456e-05,-0.0016593,0.020532,0.011189,0.011707,0.013175,0.015415,-0.017829,-0.022061,0.0071769,0.017392,0.0017926,-0.0010279,0.0081588,0.00069592,-0.020499,0.0085551,0.002258,0.0167,0.012129,-0.003681,0.0014171,-0.017751,-0.010309,0.0435,-0.00022866,-0.0012628,0.012463,-0.010336,-0.011357,0.01645,-0.017366,-0.017965,-0.0055907,0.01183,-0.023263,-0.013364,0.013769,0.0016673,0.0060273,0.0044819,-0.0035872,0.0041136,0.014703,0.018199,0.0028193,-0.031054,-0.001188,-0.017872,-0.011646,0.016381,0.016234,0.016046,-0.0028553,0.020752,0.010733,0.031959,0.012451,0.015092,-0.0030901,-0.013925,-0.038452,-0.0047202,0.014795,0.016313,-0.0055515,-0.016427,-0.015234,0.0092884,0.0034432
0.0042337,0.00029689,0.016042,0.0031505,0.017383,0.013807,0.032246,-0.013955,-0.014287,-0.0097813,0.011097,-0.0048607,0.80734,0.016386,0.010406,-0.011014,0.0025369,0.010656,-6.7274e-05,0.0044734,-0.0042961,-0.0093727,0.039241,0.016697,0.010332,0.018094,-0.0049769,-0.0048474,0.016342,-0.0072387,-0.014667,-0.0037555,0.0065023,0.027448,0.021474,-0.0088337,-0.013168,-0.0016948,-0.0031001,-0.01146,0.025724,-0.022959,0.00041091,0.011252,0.013171,0.017571,0.011734,-0.016514,-0.023794,-0.011904,0.006283,0.016377,-0.0066289,-0.035528,0.0059461,0.0017057,-0.01673,-0.0082927,0.00020901,-0.017931,0.0094822,0.011792,-0.0044986,0.0029627,-0.00017922,-0.024453,0.0071271,0.02589,-0.015607,0.017318,-0.0057737,-0.010247,0.0081262,-0.0013571,0.0059726,-0.010054,0.028358,-0.0094191,-0.0051511,0.021681,0.012021,-0.0022019,-0.027431,-0.0073439,0.014948,0.017888,-0.0094677,0.010812,-0.0051583,0.00016615,0.018999,-0.016442,0.003496,-0.02313,0.0071148,0.012379,-0.0013139,0.017574,0.0046523,0.013647
-0.0011447,0.016299,0.0028189,0.027562,-0.0099601,0.00069274,-0.017531,0.034407,0.016562,0.0041401,-0.0097536,0.014439,0.016386,0.77819,-0.013121,0.014458,0.01296,-0.015712,0.0056921,0.021851,0.0040427,-0.012525,0.0066609,0.0032127,-0.034488,0.025382,0.0086476,-0.0029984,0.01095,0.0087509,-0.0080062,-0.026123,0.02206,-0.0087968,-0.0050847,-0.0013862,-0.004008,0.0047151,0.015342,0.0024461,-0.013368,0.015249,0.024293,0.012318,-0.0082029,0.012179,-0.032894,-0.0024799,0.0047112,0.025898,0.0041507,-0.0049627,0.00053856,0.016017,0.029999,0.014133,0.00068118,0.027308,0.014604,0.015382,0.0017892,0.010071,-0.0047962,-0.00068895,0.014256,-0.027736,0.033583,0.016452,0.018379,0.0097807,0.00030532,0.013717,-0.0047141,0.00021976,0.0069837,-0.0066022,-0.015649,-0.021957,-0.015976,-0.023505,-0.00089152,-0.015759,-0.0047752,0.0068602,0.013705,-0.0042966,-0.0017182,-0.016644,0.015664,-0.012721,0.006807,-0.0039625,-0.0047049,-0.012984,-0.011195,-0.0044059,-0.024756,-0.021832,0.0034543,0.0075646
-0.0071729,0.024005,-0.0087174,-0.0074893,0.0041741,0.0048186,-0.020304,0.013299,-0.013149,-0.0035027,0.01617,-0.016395,0.010406,-0.013121,0.80479,-0.01047,0.015063,-0.008438,0.016265,0.01183,0.014815,-0.0015307,0.0056139,-0.0087599,-0.0097784,-0.007527,0.012143,-0.0027045,0.011929,0.0052098,0.013983,-0.011537,0.0011897,0.021157,0.004476,-0.0090987,-0.014438,0.0014177,0.005706,0.0090967,0.015156,-0.0072437,-0.014976,0.01247,0.014007,0.019128,0.0076197,-0.015239,0.008505,0.017645,0.0083653,0.019171,0.02002,0.016872,-0.0040222,-0.009744,-0.0074803,0.0037811,0.0061188,-0.01951,0.0061306,-0.0087381,0.0048232,0.018331,-0.0010951,-0.0048304,0.0051808,-0.0022365,0.0020495,-0.012292,0.0036322,-0.015347,0.0042772,0.010404,0.016758,0.0072382,-0.017056,-0.017832,0.022352,-0.0025253,-0.0085209,0.0084017,-0.011824,0.017898,-0.015601,0.0030347,0.014509,0.0066601,0.026573,-0.003683,0.015469,-0.0035435,-0.0043286,-0.0063189,0.022251,0.0078505,0.0080795,-0.021283,-0.0069614,-0.0080204
0.00094801,-0.00027053,0.011502,-0.034715,0.01745,0.011731,0.00643,-0.010345,0.0020706,0.034816,0.010273,0.035664,-0.011014,0.014458,-0.01047,0.79974,0.0034026,-0.0068389,0.030606,-0.0010316,0.016611,-0.019537,0.0089896,-0.009576,-0.0063876,0.023045,0.0025355,0.00069555,-0.005541,-0.020345,0.0065965,-0.018747,-0.0068951,-0.016772,0.013934,-0.0022934,0.0034467,-0.0069726,0.017811,0.0091289,-0.017493,0.0008051,0.023805,0.00077468,0.0082434,0.0034215,-0.012046,-0.01076,-0.016419,0.011317,-0.010369,0.025032,-0.0062788,-0.0015135,-0.015809,-0.006139,-0.015706,0.00091655,0.01156,0.037981,0.029316,0.0048924,-0.016603,0.024139,-0.01975,0.00419,0.00071493,0.015768,-0.011043,0.0087015,-0.0058618,0.0077332,-0.013991,-0.00027998,-0.0071721,0.00076575,0.024648,-0.0073476,0.007711,0.0012889,-0.019981,0.0041876,-0.0021401,0.0086153,0.011392,-0.0010696,-0.012387,-0.019085,-0.00415,0.021795,0.011454,0.02357,-0.0037763,0.0098806,-0.00055968,0.018387,0.014895,-0.0030191,0.019593,-0.014666
0.033096,-0.00073412,-0.007881,0.01187,-0.0072899,0.022397,0.020919,0.0047925,-0.015865,0.0054723,0.0049738,0.00085001,0.0025369,0.01296,0.015063,0.0034026,0.7763,-0.0091456,-0.024218,-0.012293,0.010974,0.0091169,-0.022318,-0.0082056,0.010333,-0.020683,-0.013976,-0.0015489,-0.0010511,0.017473,-0.021495,-0.036091,-0.0095175,-0.0056347,-0.0058042,-0.023299,0.005822,0.02016,0.0051034,-0.013159,-0.010303,-0.024113,0.0026044,0.013576,0.029805,0.0034226,0.0012136,-0.01615,0.0075366,0.03543,0.0058761,-0.00010866,0.0056417,-0.022719,0.0038921,0.025306,0.018293,0.040179,-0.0063063,0.01341,0.0061029,0.0053735,-0.0086675,-0.0017695,0.017556,0.023401,-0.022005,0.011133,-0.0055273,0.021659,0.010129,0.0086514,-0.0076781,-0.011593,0.016744,0.00033602,0.019251,-0.007231,-0.00091266,0.0074164,-0.00096644,0.0039507,-0.009103,0.019015,-0.021823,0.0084378,0.004195,0.01128,-0.0045451,0.0011669,0.011609,-0.014231,0.010702,0.0043613,0.011547,-0.030383,0.037397,0.0010658,0.0033389,0.011947
0.0068174,0.022023,0.010011,0.017197,0.02023,-0.0051937,-0.0075333,0.052414,-0.029403,-0.0042725,-0.00032397,-0.012177,0.010656,-0.015712,-0.008438,-0.0068389,-0.0091456,0.80302,-0.00056534,0.0099099,0.012952,-0.0047267,-0.0059583,0.020681,0.019546,-0.013974,-0.0038584,-0.005037,0.0013024,0.017434,-0.0052082,0.0008991,-0.015866,-0.014176,-0.015747,-0.019599,0.011368,-0.018403,0.0043846,-0.016139,0.017107,0.0041437,0.013339,-0.0016876,0.00082415,0.010509,0.01593,0.016171,-0.0047866,0.0089689,0.0021918,-0.02628,0.0065036,0.0039159,0.033959,-0.0037706,-0.0087796,0.019251,0.0038555,0.0046575,0.028573,0.019367,-0.019324,0.013887,0.0028701,0.0096318,0.013965,-0.0090955,-0.009369,-0.011377,0.0030362,-0.010804,0.013998,0.011671,0.0013347,-0.0062856,0.0072721,-0.0030207,-0.0029375,0.0091112,0.0015313,0.0082389,0.00046544,0.036994,0.0022178,-0.0026833,-0.0053425,-0.0096286,0.011403,-0.001738,0.0058777,-0.0060715,-0.0076119,0.0084143,-0.0075447,-0.036996,0.012121,-0.011478,0.000726,0.015953
0.021662,-0.025038,0.015541,0.029429,-0.0032957,-0.026195,-0.0033364,0.01781,-0.035965,0.0090764,-0.012818,-0.028126,-6.7274e-05,0.0056921,0.016265,0.030606,-0.024218,-0.00056534,0.76104,-0.0038576,-0.01066,-0.0039855,-0.0039551,-0.0050714,0.020543,0.035866,0.0097563,-0.0017061,-0.0093813,0.03239,-0.0031948,-0.0068116,0.0048673,-0.018235,0.002062,0.018366,-0.013838,0.031338,-0.011652,-0.0042046,-0.0034248,-0.024185,-0.0063838,0.012911,0.0039838,0.017276,-0.024298,0.017993,0.0065129,-0.025287,0.0036266,-0.0083585,0.018021,0.019237,-0.014934,0.020043,0.015918,0.027478,-0.0019206,0.0049042,-0.014023,-0.016473,-0.015427,-0.036503,0.013877,-0.0117,-0.019488,-0.018286,0.03477,0.020415,0.020003,0.013398,0.017335,0.014226,0.0094962,-0.01371,-0.0042428,0.025562,-0.002082,-0.0035026,0.010321,0.027838,-0.0034467,-0.0041897,-0.013208,0.0040551,0.010292,0.0039501,-0.011141,-0.0038455,0.0016747,0.0086479,0.027352,0.004476,0.019812,-0.012051,-0.0065027,0.0093814,0.027038,-0.001569
-0.012157,0.0064999,0.0056114,0.0085856,0.0052233,-0.023195,0.015356,0.00037798,0.0037746,-0.0094253,0.0096711,-0.00025142,0.0044734,0.021851,0.01183,-0.0010316,-0.012293,0.0099099,-0.0038576,0.79948,-0.0069119,0.025607,-0.0024574,-0.030704,0.0040818,0.015748,0.00060136,0.015434,-0.0034881,0.015507,-0.005888,-0.0073777,-0.021249,-0.0010292,0.0098647,0.01333,-0.0056543,0.014177,0.0089495,-0.018238,0.0027611,0.020097,-0.0089676,-0.02864,0.0071562,0.00015911,0.0069839,0.0091797,0.023131,0.017844,0.014528,0.0017251,-0.0081341,0.0020549,-0.005881,-0.0053158,0.0047446,-0.010855,0.018843,0.0038152,0.022799,-0.020178,0.013668,-0.0093841,0.010173,0.013089,-0.014777,0.0041574,-0.004282,0.03659,0.020556,-0.018381,-0.0044321,-0.010274,0.011427,-0.025062,0.0081104,0.0044078,-0.0032725,-0.022009,-0.0004377,0.00040863,-0.00032815,0.0080229,-0.00116,-0.018458,0.016232,0.021072,-0.0064708,-0.0081196,-0.0046317,-0.0036907,-0.0031277,0.021079,-0.0020495,0.04063,-0.0028598,0.026378,0.017214,-0.014905
0.0051929,-0.0029612,0.019132,-0.0050511,-0.021243,-0.0055844,0.036543,-0.012238,-0.017657,0.0032198,0.021713,-0.0078691,-0.0042961,0.0040427,0.014815,0.016611,0.010974,0.012952,-0.01066,-0.0069119,0.78826,0.0025131,0.029167,-0.0061405,-0.0031399,0.023925,-0.019598,-0.019408,-0.0041018,0.0096201,0.021108,0.016085,0.015156,0.010564,-0.0018233,0.017862,-0.018348,0.0049551,0.018777,0.019923,-0.0103,0.0048254,0.0018781,-0.0061681,-0.0027257,0.018302,0.0058783,0.011763,0.0052586,-0.013176,-0.014353,0.012449,0.033517,0.011205,-0.0058537,0.0049281,0.0056502,-0.0023815,-0.015234,-0.0033837,0.010694,0.02174,0.017033,-0.0066331,-0.01431,-0.0029704,0.014443,-0.0025611,0.022808,0.0091109,0.016219,-0.0046444,-0.024531,-0.0084788,0.0068632,-0.0084504,0.016195,0.0018156,-0.019518,-0.010337,-0.011734,-0.0033685,-0.008866,-0.003201,0.026882,-0.019464,-0.0086406,-0.0098113,0.0057997,0.0063366,-0.0049173,-0.0057799,0.012853,-0.0018544,0.0024059,-0.0044859,0.0050272,-0.0078884,-0.0074193,0.021417
-0.010702,0.0035722,0.019624,0.015944,-0.013568,-0.00087442,0.036998,0.039714,0.0040922,0.011611,-0.028753,0.013656,-0.0093727,-0.012525,-0.0015307,-0.019537,0.0091169,-0.0047267,-0.0039855,0.025607,0.0025131,0.7732,0.0081343,0.016771,0.027263,-0.0017495,-0.00054735,0.005658,0.026956,-0.0016873,-0.020558,0.018491,0.0047193,0.017217,-0.018847,-0.0038936,-0.014982,-0.00093994,-0.0029703,0.0015293,-0.013344,-0.025472,0.018911,-0.017708,0.0083172,-0.020134,0.025292,-0.010042,-0.030138,-0.0089501,0.011994,0.011258,0.0052389,-0.011402,0.016037,-0.0067158,0.0048739,0.023335,0.0015067,-0.015374,-0.003255,-0.033398,0.01531,0.016623,-0.00034613,0.012199,-0.0027113,0.0034645,0.028064,0.0071141,-0.016926,-0.007185,0.013245,-0.020493,0.024663,-0.0053832,0.0052893,0.0037983,0.02791,0.0080468,0.0076899,-0.0041403,0.0020982,0.016557,0.02016,-0.00065272,-0.00042704,0.017991,0.0070016,0.0026399,-0.0041596,0.0056257,0.016629,-0.010743,-0.021622,0.0069637,-0.012845,-0.0064478,0.0039747,0.0080172
0.00065554,0.0067745,-0.014101,0.0040035,0.010975,-0.0038855,-0.014996,0.017693,-0.019065,0.01475,-0.015343,0.029201,0.039241,0.0066609,0.0056139,0.0089896,-0.022318,-0.0059583,-0.0039551,-0.0024574,0.029167,0.0081343,0.79193,-0.00057004,0.0050353,-0.021349,0.0098732,0.0019885,-0.0016471,0.00092098,0.017862,0.0030732,-0.019816,-0.00087288,-0.014474,0.029191,-0.011836,0.0037634,-3.1361e-05,-0.01121,0.018013,0.0044971,-8.2001e-05,0.011683,0.0030721,0.0070275,0.0051556,0.0041285,-0.0063159,0.039256,0.02053,0.0052929,0.0062481,-0.025271,0.0046089,0.016248,-0.0063619,-0.0066788,-0.011308,-0.0043547,0.024532,-0.00097638,0.014706,-0.010762,-0.0015812,0.015061,0.0088219,0.011902,0.009317,-0.0124,-0.00064425,0.00076209,0.0072596,-0.038646,0.017825,-0.016516,-0.024639,-0.00060997,0.022348,-0.020728,-0.024245,0.014645,-0.013512,0.029079,-0.0033052,0.014185,-0.0042894,-0.00080859,-0.001916,0.00015523,-0.015206,0.033148,0.010606,0.00086133,0.012024,-0.020485,0.016247,-0.0098227,0.014551,-0.015053
0.014323,-0.0041492,-0.028721,-0.0142,0.0029475,0.013397,0.017223,-0.010272,0.011835,0.013325,-0.0074082,0.017548,0.016697,0.0032127,-0.0087599,-0.009576,-0.0082056,0.020681,-0.0050714,-0.030704,-0.0061405,0.016771,-0.00057004,0.76738,-0.0070068,-0.0047383,-0.00010971,0.023627,0.01936,0.0048656,-0.0023061,0.017118,-0.0049429,-0.0090703,0.0062172,-0.012526,0.012457,0.0056663,0.012208,0.025796,-0.01691,0.014823,-0.0049684,0.008379,-0.0085276,0.028998,-0.0049727,0.01292,0.0069399,0.013326,0.001671,-0.019077,-0.0040732,0.0067612,0.0037291,-0.01583,0.0011138,-0.025542,0.040998,-0.0086583,0.025945,-0.0056002,-0.01527,0.0031588,0.010632,0.018081,0.01617,0.0055555,0.014652,-0.0066041,-0.0015943,-0.019468,-0.0090379,-0.017941,0.02115,-0.0095604,-0.014885,0.0055029,0.0035139,-0.026502,-0.023642,-0.018427,0.015053,0.011031,-0.001055,0.012345,-0.0027821,0.0051093,-0.01757,-0.014735,0.0037188,-0.026279,0.026317,0.019705,0.016174,0.027491,0.014014,0.048372,0.020888,-0.010073
0.010752,-0.011622,0.0050196,0.0086398,-0.010494,0.0094222,0.0090159,-0.016354,0.0061175,0.031032,0.0052526,0.025294,0.010332,-0.034488,-0.0097784,-0.0063876,0.010333,0.019546,0.020543,0.0040818,-0.0031399,0.027263,0.0050353,-0.0070068,0.7786,0.022889,0.0028285,0.0055658,-0.01325,0.010847,0.022573,0.01209,0.0095189,0.036,-0.0064369,-0.011334,-0.001722,0.0095882,0.031563,0.011904,-0.023215,0.029205,-0.0078296,0.0081921,-0.0070812,0.018413,-0.0082899,-0.022871,0.011575,0.026268,0.011448,0.010488,-0.020849,0.0089719,-0.025005,0.0049233,-0.018821,0.0063118,-0.0038268,0.010699,-0.0076956,-0.011423,0.00030468,0.0020063,-0.0090742,-0.0017947,0.0077614,0.016884,-0.0025984,0.017315,0.015706,0.028226,-0.0091199,0.0046275,0.0039514,-0.0056292,-0.0062103,0.029307,-0.0017282,-0.033224,0.022608,-0.03442,-0.0023812,-0.0089621,-0.0048043,-0.011218,-0.0017562,-0.019695,0.0021831,-0.010971,0.024973,-0.0064126,-0.0097394,0.0027768,-0.0011545,-0.0043976,-0.017383,0.020319,0.0069135,-0.0097867
-0.019108,0.019342,0.0052461,0.014012,0.019066,0.0096963,-0.015879,0.01257,0.0042169,-0.0041466,0.0099453,-0.0081681,0.018094,0.025382,-0.007527,0.023045,-0.020683,-0.013974,0.035866,0.015748,0.023925,-0.0017495,-0.021349,-0.0047383,0.022889,0.75903,-0.0054399,-0.011252,-0.0085875,-0.0021872,0.0016745,0.016699,0.007458,-0.016636,0.020892,0.015685,0.009453,-0.033579,0.0055592,-0.025995,0.001808,-0.0063467,-0.022311,-0.0109,-0.00827,-0.0081171,0.036842,-0.0020868,0.011208,-0.031991,-0.01095,0.026998,0.012338,-0.021943,0.0058236,0.015567,-0.012206,0.0042121,0.013931,-0.029266,-0.020932,-0.0067879,-0.016275,0.016575,-0.014196,0.024073,0.0015104,0.010646,-0.0068953,-0.0067496,0.011363,-0.009051,-0.0091955,0.012631,0.010667,0.014129,-0.020173,-0.00048542,0.022552,0.012555,0.019861,0.016749,-0.016617,0.02153,-0.006672,0.008008,0.0032063,0.0095959,-0.011104,-0.010087,0.0287,-0.025537,-0.010493,0.017786,0.00019199,-0.00063508,0.0056475,0.025987,0.010058,0.024929
-0.012107,0.01962,0.014258,-0.013333,0.021297,-0.0049527,0.009159,-0.027916,0.016261,-0.0071602,0.0072614,0.014125,-0.0049769,0.0086476,0.012143,0.0025355,-0.013976,-0.0038584,0.0097563,0.00060136,-0.019598,-0.00054735,0.0098732,-0.00010971,0.0028285,-0.0054399,0.76554,-0.0063222,0.021072,0.028266,0.0092669,0.0033307,-0.00073776,-0.0065696,0.0033359,0.0021922,0.021577,-0.0089613,0.020529,-0.011766,0.023559,-0.0059413,0.0093609,-0.022694,0.022032,0.015457,0.035883,-0.017177,-0.0055639,-0.015447,-0.013792,0.016628,-0.01746,-0.0054398,-0.0035875,0.036817,0.026685,0.005228,-0.00068177,-0.019811,-0.010141,-0.0097247,-0.010201,0.0062481,0.0051602,0.013758,0.038604,-0.025416,0.015246,-0.010752,0.020268,-0.037355,-0.017421,0.008515,-0.015076,0.011127,-0.0013294,0.028302,0.028734,0.0081256,-0.0022773,-0.015125,0.0083539,-0.0026858,0.00053678,-0.0051708,-0.0038374,-0.017733,-0.0035452,-0.0035722,-0.0044183,0.010514,0.010322,0.011852,-0.0083763,0.030541,0.028389,-0.0024325,-0.024773,0.0067953
-0.0078561,0.024678,-0.0092715,0.013187,-0.013964,-0.0051075,-0.01041,0.0098956,-0.0064669,-0.014428,0.0097822,-0.0071644,-0.0048474,-0.0029984,-0.0027045,0.00069555,-0.0015489,-0.005037,-0.0017061,0.015434,-0.019408,0.005658,0.0019885,0.023627,0.0055658,-0.011252,-0.0063222,0.79623,-0.0073519,-0.022262,0.014426,0.023165,0.014426,-0.025674,0.012829,0.0074481,0.012634,0.0085772,-0.001094,0.023401,-0.010185,-0.0012232,0.0058817,-0.0051443,-0.012482,0.0020049,0.0075075,-0.00052157,-0.021595,0.013479,0.015312,0.020334,0.020054,8.5536e-05,0.018547,0.019641,0.025824,-0.0024363,-0.0072924,-0.011977,-0.0051118,0.015996,0.0064319,-0.0078399,0.014858,-0.0023058,-0.017166,0.0218,0.019411,-0.025226,0.016973,0.0041509,-0.022941,-0.0046946,-0.021346,0.0026702,0.026629,0.005756,0.0089833,-0.028549,-0.020911,-0.00082918,-0.016946,0.0014397,0.013502,-0.0090914,-0.01461,0.0098156,0.024114,0.028824,0.0065538,0.009325,0.028328,0.047094,0.0079648,0.0054178,-0.013201,-0.033079,0.008703,0.0091299
0.029115,-0.003203,0.00017928,-0.011329,0.017179,0.013323,0.0050868,0.013985,0.010396,-0.015388,0.0035835,0.013347,0.016342,0.01095,0.011929,-0.005541,-0.0010511,0.0013024,-0.0093813,-0.0034881,-0.0041018,0.026956,-0.0016471,0.01936,-0.01325,-0.0085875,0.021072,-0.0073519,0.78594,-0.0084757,0.0076706,-0.0008842,0.011495,0.00075926,0.0037165,0.021547,0.020313,-0.0077909,0.0070534,-0.022241,-0.024007,-0.0064424,0.0022231,0.00088902,0.011008,-0.0096115,-0.01187,0.0073625,-0.010361,-0.017921,-0.0010011,0.0096106,0.018185,-0.0034952,-0.020613,0.0059115,-0.0026887,0.011962,-0.00025554,-0.011576,0.035164,0.02447,-0.010984,-0.0069361,-0.0097584,-0.019262,0.0010372,0.018685,0.007938,-0.02954,0.0355,0.036038,-0.013587,0.02464,-0.010347,-0.027136,0.011035,-0.0056606,0.0091811,0.019076,-0.0027529,0.021831,0.017489,0.011151,0.014497,-0.015815,0.012427,-0.0075702,-0.0024541,0.0030175,0.0098149,0.011366,-0.018219,0.01874,-0.026147,0.0046209,-0.011605,0.0019996,-0.010236,-0.023167
0.025204,0.030632,0.0014092,-0.011597,0.0059047,3.6803e-06,0.0047773,-0.0014982,0.012658,-0.03238,-0.021329,0.022737,-0.0072387,0.0087509,0.0052098,-0.020345,0.017473,0.017434,0.03239,0.015507,0.0096201,-0.0016873,0.00092098,0.0048656,0.010847,-0.0021872,0.028266,-0.022262,-0.0084757,0.80552,0.0068896,0.0026276,0.0062745,-0.02017,0.023325,0.0025366,0.0070151,0.022748,-0.015436,0.011082,-0.032569,-0.0011564,0.0043863,0.0031536,-0.024938,-0.0072095,-0.00097236,-0.0018864,-0.025723,0.015532,0.016151,0.0057511,-0.0046187,0.012301,0.0028456,-0.0073983,0.017084,-0.029862,-0.0094648,0.003122,0.018806,-0.01059,0.013135,-0.0072994,-0.018863,0.0038103,-0.0029809,0.0071543,0.0013217,-0.0055166,-0.035867,0.0082848,0.0097705,0.014356,-0.01684,0.022858,-0.0020615,-0.0046368,0.025919,0.025939,0.0075213,0.0051949,-0.0091582,-0.0075598,0.0043341,-0.0019815,-0.011834,0.017542,0.019781,0.017505,0.00033864,0.0068044,-0.0015778,-0.0072169,0.0041703,0.013272,0.0077391,-0.011755,0.017373,-0.030166
0.031848,0.0143,0.016496,-0.0052408,0.00052686,0.013364,0.022862,0.0070606,-0.021887,-0.00086435,-0.00071474,-3.1456e-05,-0.014667,-0.0080062,0.013983,0.0065965,-0.021495,-0.0052082,-0.0031948,-0.005888,0.021108,-0.020558,0.017862,-0.0023061,0.022573,0.0016745,0.0092669,0.014426,0.0076706,0.0068896,0.80892,-0.016727,0.0019873,-0.03268,0.030652,-0.0077201,0.009414,-0.00061255,0.02166,0.025079,0.012457,0.0037669,-0.0021151,0.014943,0.017488,-0.01314,0.0057934,0.0091903,-0.0086453,0.00092627,0.035606,0.013527,0.0015646,-0.002445,-0.0031054,-0.0039496,0.0063935,-0.0040015,0.016578,-0.026907,-0.021775,0.013947,-0.0037108,-0.0052881,0.030272,-0.0085624,0.012279,-0.0067587,-0.0041604,-0.00065424,-0.0089934,-0.0012985,0.0074648,0.016849,0.003343,-0.0092515,0.0032685,0.0091088,-0.015411,-0.0096097,0.024744,-0.028072,0.0023505,0.019812,-0.010171,-0.01368,0.008781,0.019632,-0.010906,0.016082,-0.011626,-0.021991,-8.6176e-05,-0.024726,-0.018037,0.0032845,0.00025435,-0.026766,0.00042166,0.019735
0.0080795,-0.0034346,-0.0031512,0.0035034,0.0030634,-0.0086453,-0.015989,-0.010458,-0.0030517,0.0090617,-0.0075989,-0.0016593,-0.0037555,-0.026123,-0.011537,-0.018747,-0.036091,0.0008991,-0.0068116,-0.0073777,0.016085,0.018491,0.0030732,0.017118,0.01209,0.016699,0.0033307,0.023165,-0.0008842,0.0026276,-0.016727,0.79427,-0.018856,-0.019723,0.0045568,0.022836,0.0049677,-0.0028576,0.020472,-0.0043858,-0.0089956,-0.013553,0.004322,0.035661,0.017401,0.011926,-0.018591,0.0047413,0.0028312,0.016631,0.0048873,0.020231,0.013377,0.015484,0.012253,0.016388,0.00119,0.013932,-0.0026516,0.027619,-0.0041109,0.010956,-0.022465,-0.014235,0.016325,-0.032653,0.0087148,-0.020317,0.0033243,0.010831,-0.013316,-0.010024,-0.0021723,0.0010634,-0.014503,0.0046134,-0.015185,0.010271,-0.0049156,0.040053,-0.0017559,0.0064883,0.0072909,0.0072534,-0.0068344,0.01885,0.015635,0.0042104,-0.008877,-0.0036918,0.020206,-0.0018008,-0.021292,-0.021869,0.020204,0.0090882,0.049687,-0.0039157,0.017491,0.0076539
-0.0079337,-0.016938,-0.011984,0.008371,0.013604,-0.014736,-0.024194,0.0061888,-0.0052777,0.024912,-0.0012856,0.020532,0.0065023,0.02206,0.0011897,-0.0068951,-0.0095175,-0.015866,0.0048673,-0.021249,0.015156,0.0047193,-0.019816,-0.0049429,0.0095189,0.007458,-0.00073776,0.014426,0.011495,0.0062745,0.0019873,-0.018856,0.79324,-0.0042359,-0.0051523,-0.006541,0.0015628,0.011962,0.021352,0.013384,0.0070906,0.0083385,-0.026599,0.011967,0.0054693,-0.008454,0.032394,0.0169,-0.010457,0.014351,0.001087,0.014233,0.0093359,0.011851,-0.0035827,0.0018731,-0.013892,-0.012969,-0.00020143,0.0023306,0.0013766,-0.0053604,0.014975,-0.012546,-0.0027948,0.0097393,0.0036009,-0.027656,-0.021231,0.0058077,0.027642,-0.0064912,0.021092,0.0015845,-0.0074025,-8.2607e-05,-0.013504,0.0086833,-0.0017221,0.0027855,0.015342,-0.019573,0.002371,0.024602,-0.021183,-0.0020769,-0.0066199,0.039615,-0.0041379,0.02412,-0.014628,0.0085912,-0.0066466,0.0039756,0.003094,0.033742,0.019905,-0.0013714,-0.00069434,0.021154
-0.0074898,-0.0017964,0.014643,-0.024885,0.012198,-0.0029641,-0.017633,0.015925,0.0054854,0.0038282,0.010573,0.011189,0.027448,-0.0087968,0.021157,-0.016772,-0.0056347,-0.014176,-0.018235,-0.0010292,0.010564,0.017217,-0.00087288,-0.0090703,0.036,-0.016636,-0.0065696,-0.025674,0.00075926,-0.02017,-0.03268,-0.019723,-0.0042359,0.78303,-0.0046314,0.025952,0.0014829,-0.0055901,0.02082,0.0036936,-0.004704,0.0099056,0.017072,0.006173,-0.0094406,0.0079735,-0.010783,0.038079,-0.0026766,-0.010486,0.0035186,-0.0016757,0.016026,0.026097,0.013025,0.016391,0.01311,-0.035549,0.016622,-0.0013742,-0.0036059,0.010005,-0.0030987,-0.0074563,0.034167,0.010433,-0.0021025,-0.011261,0.0070026,0.0028711,-0.0069848,0.01816,0.0035332,0.032214,-0.014451,0.015059,0.003835,0.012504,-0.018918,-0.008397,0.016295,0.0047415,0.012275,0.0022336,-0.0031189,-0.0093868,0.016782,-0.0042485,0.0043178,0.013487,0.00023678,0.016011,-0.0023791,0.012447,-0.010525,-0.008044,-0.014083,-0.020684,0.021817,-0.0028895
0.0016418,-0.025701,0.002979,0.0060868,-0.0052246,-0.01265,-0.014204,0.019672,0.00051797,0.0044808,-0.0039543,0.011707,0.021474,-0.0050847,0.004476,0.013934,-0.0058042,-0.015747,0.002062,0.0098647,-0.0018233,-0.018847,-0.014474,0.0062172,-0.0064369,0.020892,0.0033359,0.012829,0.0037165,0.023325,0.030652,0.0045568,-0.0051523,-0.0046314,0.79096,-0.0064216,0.020759,-0.0041257,0.024001,-0.0077628,-0.0086432,0.014358,-0.020172,0.026716,0.00055962,0.014939,0.021937,-0.018381,0.0097166,-0.0037344,-0.0086522,-0.0009621,-0.0028284,0.024342,0.022708,-0.013587,-0.010345,0.017901,-0.0067492,0.016099,0.044139,-0.0089576,0.0025443,-0.0039263,0.0034196,0.0075858,0.001431,-0.0083154,0.01721,0.0020295,-0.0011176,-0.0097726,-0.020733,-0.026183,0.030595,0.0028858,-0.0021879,0.0080392,-0.01211,0.010806,-0.024227,0.010644,0.028074,-0.00065516,0.014059,0.0019091,0.03914,-0.011796,0.0057049,0.00021276,-0.016603,-0.011561,0.016561,0.019182,0.00012518,-0.002765,-0.0058281,-0.02745,-0.013378,-0.0032511
0.026799,0.0011582,0.0045794,0.037768,-0.0023659,0.021917,-0.029034,-0.01011,0.0025194,0.00042147,-0.00056737,0.013175,-0.0088337,-0.0013862,-0.0090987,-0.0022934,-0.023299,-0.019599,0.018366,0.01333,0.017862,-0.0038936,0.029191,-0.012526,-0.011334,0.015685,0.0021922,0.0074481,0.021547,0.0025366,-0.0077201,0.022836,-0.006541,0.025952,-0.0064216,0.79139,-0.0050519,0.034326,-0.015048,-0.017878,0.0093462,0.0064622,0.020652,0.0083294,-0.030802,0.019128,0.0068251,-0.0080426,-0.0043387,0.015952,0.0057555,-0.0066308,-0.012105,0.0081314,-0.011893,-0.0042074,-0.012769,0.0014348,-0.0092844,0.022188,-0.010929,5.4238e-05,0.012208,0.021987,-0.016084,0.024625,0.022362,-0.01672,-0.019419,0.0032303,0.0054217,0.00038251,0.014195,0.031908,-0.020188,-0.0070311,0.0054559,-0.0066074,-0.010648,-0.0020947,0.0061775,-0.020088,-0.0045968,-0.0029037,0.0066249,0.0061714,0.029117,0.024498,0.00089963,0.0086402,0.016409,-0.037391,0.011824,-0.00083814,0.00068166,0.0025412,-0.017672,0.0092503,-0.024446,0.012886
0.031302,-0.01028,0.031117,0.012412,-0.018213,0.0060512,0.018057,-0.00035746,-0.027751,0.022662,0.0039121,0.015415,-0.013168,-0.004008,-0.014438,0.0034467,0.005822,0.011368,-0.013838,-0.0056543,-0.018348,-0.014982,-0.011836,0.012457,-0.001722,0.009453,0.021577,0.012634,0.020313,0.0070151,0.009414,0.0049677,0.0015628,0.0014829,0.020759,-0.0050519,0.78799,-0.02621,-0.014466,-0.031694,0.042607,0.01037,0.0074644,-0.0089094,-0.00031822,0.012075,0.0037372,-4.8749e-05,0.0067723,-0.022014,-0.0053439,0.026023,0.029954,0.0018305,-0.022616,0.0007775,-0.023837,0.0075723,0.0018392,-0.00060401,0.0024828,0.007675,0.022736,0.0017595,-0.030125,-0.0038417,-0.0045678,-0.024851,0.010534,0.018283,0.0034041,-0.0016289,0.012946,0.0068833,-0.002972,0.021666,0.0040724,-0.030963,0.0060037,-0.020412,0.010094,-0.0068938,0.0083799,0.021007,0.013446,-0.0013819,-0.0029839,0.008722,-0.021165,0.0062741,0.022193,-0.0023888,0.019925,-0.0020661,0.021492,-0.0026795,-0.0026091,-0.0017594,0.0079388,-0.004265
0.016011,-0.018111,0.016931,-0.038127,0.0063526,-0.00077075,-0.0035184,0.00082504,-0.016915,-0.004275,0.0152,-0.017829,-0.0016948,0.0047151,0.0014177,-0.0069726,0.02016,-0.018403,0.031338,0.014177,0.0049551,-0.00093994,0.0037634,0.0056663,0.0095882,-0.033579,-0.0089613,0.0085772,-0.0077909,0.022748,-0.00061255,-0.0028576,0.011962,-0.0055901,-0.0041257,0.034326,-0.02621,0.77381,0.023833,0.011196,0.017868,-0.0053463,0.0069769,0.0038416,0.029703,-0.015599,0.011412,-0.016811,0.0010838,-0.023167,-0.019753,0.01446,0.0042484,0.0036988,0.019804,0.029548,-0.014699,0.022085,0.0082479,-0.0088757,0.011934,0.01372,-0.012746,-0.020579,-0.025666,0.0083548,0.012304,-0.0046174,0.0039266,0.013939,-0.011096,0.017927,-0.0091227,0.028004,-0.0033304,0.0025645,-0.014103,0.0053717,-0.0054184,0.003367,0.0019158,-0.0022117,0.022407,0.005693,0.006746,0.017207,-0.00754,-0.018022,0.013736,-0.0065476,0.011181,0.0068096,0.0038316,0.040591,0.010829,-0.019513,-5.9251e-05,0.0012276,0.0036135,0.0079735
0.027465,0.0092314,-0.012574,0.011146,-0.0058466,0.0023618,0.0042449,-0.006446,0.0024293,-0.0081597,0.0047818,-0.022061,-0.0031001,0.015342,0.005706,0.017811,0.0051034,0.0043846,-0.011652,0.0089495,0.018777,-0.0029703,-3.1361e-05,0.012208,0.031563,0.0055592,0.020529,-0.001094,0.0070534,-0.015436,0.02166,0.020472,0.021352,0.02082,0.024001,-0.015048,-0.014466,0.023833,0.8168,-0.0083222,0.0050816,0.0080326,-0.0058433,-0.0037136,-0.012902,0.0076506,0.0079034,-0.0011995,-0.0053417,-0.016047,-0.0058426,-0.027581,-0.0095293,-0.023212,0.0043507,0.016247,-0.00071345,-0.0088831,-0.014214,-0.0032072,-0.0084861,0.011864,0.021457,0.019471,0.0026595,-0.0083348,-0.016897,-0.001544,-0.0026796,-0.01022,-0.0052051,0.020334,0.017402,0.017405,-0.0053258,0.016307,0.0026541,-0.019052,0.017343,0.00018211,0.0078133,0.015329,0.0075288,-0.020435,0.011062,0.013312,-0.015291,-0.0015748,-0.0063981,-0.016851,-0.010919,0.012245,0.013157,-0.033044,0.0192,-0.016925,0.0092656,-0.015846,-0.00057748,0.0078096
0.0090086,-0.0080421,-0.010889,-0.00072293,0.0027207,-0.007669,-0.0086661,0.0020896,-0.014216,0.0063116,-0.027502,0.0071769,-0.01146,0.0024461,0.0090967,0.0091289,-0.013159,-0.016139,-0.0042046,-0.018238,0.019923,0.0015293,-0.01121,0.025796,0.011904,-0.025995,-0.011766,0.023401,-0.022241,0.011082,0.025079,-0.0043858,0.013384,0.0036936,-0.0077628,-0.017878,-0.031694,0.011196,-0.0083222,0.77139,0.013214,0.037235,0.016598,-0.011586,-0.0046981,-0.001155,0.0088375,0.017336,0.031631,-0.022171,0.011346,0.0071416,0.00072796,-0.023121,0.021,-0.011091,0.014978,0.013711,0.025058,0.024926,-0.027347,0.0091381,-0.0072329,0.0096351,0.00073946,0.0059764,-0.015539,0.0031882,0.002309,0.034615,0.021146,-0.030863,-0.009131,0.011653,-0.021636,0.017973,0.017401,-0.018863,0.011521,0.025185,-0.0058208,0.04612,-0.0048305,0.024215,0.015089,0.00044924,0.004771,-0.0058164,0.0068687,0.013884,-0.0054553,0.0039182,0.00046883,0.00012905,-0.0063789,0.019762,-0.0072244,0.027233,0.0041141,-0.024412
